10 1 20
200 100 125
210 201 89
1000 900 174
1 10 20
100 200 125
201 210 89
900 1000 174
5000 1000 238
1000 5000 238
5000 100 238
100 5000 238
10000 5000 262
20000 5000 279
100000 5000 351
200000 5000 383
999999 5000 525
5000 10000 262
5000 20000 279
5000 100000 351
5000 200000 383
5000 999999 525
999999 1 525
999999 10 525
999999 100 525
999999 1000 525
999999 10000 525
999999 100000 525
999999 999999 259
1 999999 525
10 999999 525
100 999999 525
1000 999999 525
10000 999999 525
100000 999999 525
999999 999999 259
10 1 20
100 10 119
1000 100 179
10000 1000 262
100000 10000 351
999999 100000 525
1 10 20
10 100 119
100 1000 179
1000 10000 262
10000 100000 351
100000 999999 525
2 1 2
4 2 8
8 4 17
16 8 20
32 16 112
64 32 113
128 64 119
256 128 128
512 256 144
1024 512 179
2048 1024 182
4096 2048 238
8192 4096 262
16384 8192 276
32768 16384 308
65536 32768 340
131072 65536 354
262144 131072 443
524288 262144 470
999999 524288 525
1 2 2
2 4 8
4 8 17
8 16 20
16 32 112
32 64 113
64 128 119
128 256 128
256 512 144
512 1024 179
1024 2048 182
2048 4096 238
4096 8192 262
8192 16384 276
16384 32768 308
32768 65536 340
65536 131072 354
131072 262144 443
262144 524288 470
524288 999999 525
3 1 8
9 3 20
27 9 112
81 27 116
243 81 128
729 243 171
2187 729 182
6561 2187 262
19683 6561 279
59049 19683 340
177147 59049 383
531441 177147 470
999999 531441 525
1 3 8
3 9 20
9 27 112
27 81 116
81 243 128
243 729 171
729 2187 182
2187 6561 262
6561 19683 279
19683 59049 340
59049 177147 383
177147 531441 470
531441 999999 525
4 1 8
16 4 20
64 16 113
256 64 128
1024 256 179
4096 1024 238
16384 4096 276
65536 16384 340
262144 65536 443
999999 262144 525
1 4 8
4 16 20
16 64 113
64 256 128
256 1024 179
1024 4096 238
4096 16384 276
16384 65536 340
65536 262144 443
262144 999999 525
5 1 8
25 5 24
125 25 119
625 125 144
3125 625 217
15625 3125 276
78125 15625 351
390625 78125 443
999999 390625 525
1 5 8
5 25 24
25 125 119
125 625 144
625 3125 217
3125 15625 276
15625 78125 351
78125 390625 443
390625 999999 525
6 1 9
36 6 112
216 36 125
1296 216 182
7776 1296 262
46656 7776 324
279936 46656 443
999999 279936 525
7 1 17
49 7 112
343 49 144
2401 343 183
16807 2401 276
50421 16807 324
352947 50421 443
999999 352947 525
1 7 17
7 49 112
49 343 144
343 2401 183
2401 16807 276
16807 50421 324
50421 352947 443
352947 999999 525
8 1 17
64 8 113
512 64 144
4096 512 238
32768 4096 308
262144 32768 443
999999 252144 525
1 8 17
8 64 113
64 512 144
512 4096 238
4096 32768 308
32768 262144 443
262144 999999 525
9 1 20
81 9 116
729 81 171
6561 729 262
59049 6561 340
531441 59049 470
999999 531441 525
1 9 20
9 81 116
81 729 171
729 6561 262
6561 59049 340
59049 531441 470
531441 999999 525
10 1 20
100 10 119
1000 100 179
10000 1000 262
100000 10000 351
999999 100000 525
1 10 20
10 100 119
100 1000 179
1000 10000 262
10000 100000 351
100000 999999 525
